Train Losses:
0.4346035528596187
0.4183516464471404
0.4048840554592721
0.373263691507799
0.29466265164644717
0.22396611785095322
0.1647142980935875
0.13639835355285962
0.10897053726169843
0.09176707105719237
0.0781374350086655
0.07444566724436742
0.07171941074523397
0.06809202772963605
0.06652469670710572
0.06371663778162912
0.0618055459272097
0.059237261698440215
0.05725814558058926
0.055621577123050256
0.05426369150779896
0.053557279029462744
0.05371377816291161
0.051916031195840553
0.051497140381282495
0.050871403812824956
0.050608665511265166
0.04960095320623917
0.04944766031195841
0.04866412478336222
0.04787807625649913
0.0476159445407279
0.04602435008665511
0.04613110918544194
0.04514991334488735
0.045258752166377814
0.04381429809358752
0.04417530329289428
0.043077556325823226
0.04427738301559792
0.042056239168110916
0.04206629116117851
0.04156152512998267
0.04175181975736569
0.040616984402079725
0.04107426343154246
0.03979064124783362
0.03863292894280763
0.03911091854419411
0.037845407279029464

Train Precisions:
0.4992137781629116
0.5336014731369151
0.5485314558058926
0.5849070190641248
0.69508006932409
0.7681066724436741
0.8318194974003467
0.8841769497400347
0.908655979202773
0.919827383015598
0.9290369150779896
0.932727383015598
0.9345453206239168
0.9377162911611786
0.9390984402079722
0.9440192374350087
0.9457766897746968
0.9469840554592721
0.9492204506065858
0.9528355285961873
0.952688821490468
0.9523926343154245
0.9523620450606585
0.954515424610052
0.9546297227036397
0.9549215771230501
0.9558729636048526
0.9567981802426343
0.9568417677642982
0.9577870883882149
0.9577514731369151
0.9595874350086656
0.9588149046793761
0.9589525996533795
0.9610553726169844
0.960417937608319
0.9610736568457539
0.9616912478336221
0.9613355285961872
0.963597227036395
0.9637629982668976
0.9633979202772963
0.9629587521663778
0.9643971403812824
0.9658189774696707
0.9645820623916811
0.9662184575389948
0.965752253032929
0.9654354419410744
0.9664000866551126

Train Recalls:
0.6665324956672444
0.6856150779896014
0.6963065857885615
0.7246785095320624
0.7885896880415945
0.8456516464471403
0.8847632582322357
0.9035785095320623
0.922644020797227
0.9356163778162911
0.9455205372616984
0.9483965337954938
0.9500724436741766
0.9522359618717504
0.9537950606585788
0.9558803292894281
0.9570563258232235
0.958803726169844
0.9601072790294627
0.9612991334488734
0.9632871750433275
0.9630424610051994
0.9628277296360486
0.964153466204506
0.9647253032928942
0.9648957538994801
0.9650801559792028
0.9655181109185443
0.9657883015597921
0.966856932409012
0.9671590987868284
0.9672145580589255
0.9678674176776431
0.9685184575389948
0.968797487001733
0.9690492201039861
0.9701084055459273
0.9694298960138648
0.9707535528596188
0.969871143847487
0.9711147313691508
0.9713562391681109
0.9715628249566726
0.9716129982668978
0.972127383015598
0.9721427209705372
0.9730574523396881
0.9737059792027729
0.9732947140381283
0.9741739168110918

Train F1 Scores:
0.5708052859618717
0.6000680242634316
0.6135837954939342
0.6472578856152513
0.7387428942807626
0.8048606585788561
0.8573289428076257
0.8936737435008666
0.915523656845754
0.9276011265164645
0.9371562391681109
0.9404505199306759
0.9421967071057193
0.9448758232235702
0.9463467937608319
0.9498737435008665
0.9513465337954939
0.9528207105719237
0.9546000000000001
0.9570182842287696
0.9579267764298094
0.9576564124783363
0.9575341421143848
0.959278596187175
0.9596212305025997
0.9598536395147313
0.96042712305026
0.9611095320623917
0.9612652512998267
0.9622743500866552
0.9624063258232236
0.9633583188908146
0.9632930675909879
0.9636854419410746
0.9648858752166378
0.9646894280762566
0.9655458405545928
0.9655202772963605
0.9659983535528596
0.9667012998266898
0.967401733102253
0.9673370017331023
0.9672180242634315
0.9679695840554593
0.9689411611785096
0.9683257365684574
0.9696060658578857
0.9696921143847487
0.9693269497400346
0.9702493067590987

Test Losses:
0.4414937716262976
0.41938304498269896
0.40462906574394464
0.3683878892733564
0.28997543252595154
0.22491072664359862
0.16587889273356402
0.13725951557093424
0.11205294117647058
0.09149238754325259
0.07853702422145328
0.07324325259515571
0.0702923875432526
0.06916747404844291
0.06577058823529412
0.06692525951557093
0.06021764705882353
0.05999273356401384
0.056989619377162626
0.05830034602076125
0.05540622837370242
0.053222145328719724
0.051270588235294116
0.053429411764705885
0.05281833910034602
0.049736332179930794
0.04943702422145329
0.04910657439446367
0.048801384083044984
0.04943148788927336
0.04709688581314879
0.04767093425605536
0.04632837370242215
0.04506782006920415
0.04918512110726643
0.04602283737024221
0.04476539792387543
0.04367404844290657
0.0433726643598616
0.043410726643598616
0.04452387543252595
0.040874048442906576
0.03993079584775086
0.04008858131487889
0.04181453287197232
0.038628027681660904
0.04061626297577854
0.03962214532871972
0.03763875432525951
0.039547058823529414

Test Precisions:
0.49977716262975774
0.537822491349481
0.5513107266435986
0.5855743944636678
0.694816955017301
0.7708069204152249
0.8292252595155709
0.8833342560553633
0.904893079584775
0.9192207612456749
0.9315079584775087
0.9342740484429066
0.9366875432525952
0.9389847750865052
0.9405612456747405
0.9406674740484429
0.9452577854671281
0.9489615916955019
0.9477501730103807
0.9526508650519031
0.9505145328719722
0.9537200692041522
0.955777508650519
0.9538089965397925
0.9523006920415225
0.9554245674740485
0.9566013840830451
0.957066089965398
0.9576325259515571
0.9575941176470589
0.9577778546712803
0.9574826989619376
0.9611456747404844
0.9597051903114188
0.9584674740484429
0.960606920415225
0.959956401384083
0.9638387543252595
0.9598508650519032
0.9637429065743945
0.9615740484429066
0.9632259515570935
0.964049134948097
0.9653899653979239
0.9650404844290658
0.966339446366782
0.965842214532872
0.9662280276816608
0.9682335640138409
0.965571972318339

Test Recalls:
0.6668979238754325
0.690180276816609
0.6985982698961938
0.7255716262975779
0.7888615916955017
0.8467166089965398
0.8826574394463668
0.9031961937716264
0.9207608996539792
0.935642214532872
0.9464505190311419
0.950108650519031
0.9515359861591696
0.9527131487889272
0.9543858131487889
0.9537269896193771
0.9567453287197231
0.9597958477508649
0.960110034602076
0.9606968858131487
0.9618948096885813
0.9637813148788927
0.96510553633218
0.9635788927335641
0.9626993079584775
0.9653190311418685
0.9658923875432526
0.9659200692041522
0.9666806228373702
0.9666557093425605
0.9670916955017301
0.9662685121107266
0.9693543252595155
0.9691096885813149
0.9668851211072664
0.9692342560553633
0.9686795847750865
0.9709619377162629
0.969883044982699
0.9702515570934256
0.9694474048442906
0.9713491349480968
0.9723570934256055
0.9719467128027682
0.9718162629757785
0.9729425605536333
0.9724522491349481
0.974160553633218
0.9751249134948097
0.9733335640138409

Test F1 Scores:
0.5712975778546713
0.6044903114186851
0.6162103806228374
0.6480307958477509
0.738704152249135
0.8067930795847751
0.8549474048442907
0.8930543252595154
0.9126882352941177
0.9273038062283736
0.9388712802768165
0.9420782006920415
0.9440107266435986
0.9457626297577855
0.9473816608996539
0.947112456747405
0.9509332179930796
0.9543162629757784
0.953856401384083
0.9566287197231835
0.9561411764705882
0.9586937716262975
0.9603903114186851
0.9586384083044982
0.9574370242214533
0.9603169550173011
0.9611906574394464
0.9614432525951557
0.9621055363321799
0.9620764705882353
0.9623837370242214
0.9618249134948097
0.9652114186851211
0.9643598615916955
0.9626325259515571
0.9648761245674741
0.9642747404844292
0.9673647058823529
0.9648117647058824
0.9669622837370241
0.9654702422145328
0.9672484429065744
0.9681608996539792
0.968636678200692
0.9683923875432526
0.9696086505190312
0.9691155709342562
0.9701595155709343
0.9716487889273357
0.969418339100346
